           k      D^2_lin
1.038520E-05 2.668323E-15
1.048960E-05 2.776137E-15
1.059500E-05 2.888254E-15
1.070150E-05 3.004944E-15
1.080900E-05 3.126268E-15
1.091770E-05 3.252632E-15
1.102740E-05 3.383990E-15
1.113820E-05 3.520651E-15
1.125020E-05 3.662943E-15
1.136320E-05 3.810817E-15
1.147740E-05 3.964751E-15
1.159280E-05 4.124976E-15
1.170930E-05 4.291588E-15
1.182700E-05 4.464974E-15
1.194580E-05 4.645237E-15
1.206590E-05 4.832947E-15
1.218720E-05 5.028230E-15
1.230960E-05 5.231203E-15
1.243340E-05 5.442665E-15
1.255830E-05 5.662415E-15
1.268450E-05 5.891122E-15
1.281200E-05 6.129126E-15
1.294080E-05 6.376782E-15
1.307080E-05 6.634255E-15
1.320220E-05 6.902317E-15
1.333490E-05 7.181167E-15
1.346890E-05 7.471207E-15
1.360430E-05 7.773083E-15
1.374100E-05 8.087013E-15
1.387910E-05 8.413686E-15
1.401860E-05 8.753585E-15
1.415950E-05 9.107209E-15
1.430180E-05 9.475076E-15
1.444550E-05 9.857722E-15
1.459070E-05 1.025598E-14
1.473730E-05 1.067015E-14
1.488540E-05 1.110113E-14
1.503500E-05 1.154943E-14
1.518610E-05 1.201595E-14
1.533880E-05 1.250158E-14
1.549290E-05 1.300638E-14
1.564860E-05 1.353175E-14
1.580590E-05 1.407846E-14
1.596470E-05 1.464696E-14
1.612520E-05 1.523882E-14
1.628730E-05 1.585453E-14
1.645090E-05 1.649461E-14
1.661630E-05 1.716117E-14
1.678330E-05 1.785440E-14
1.695190E-05 1.857530E-14
1.712230E-05 1.932577E-14
1.729440E-05 2.010651E-14
1.746820E-05 2.091865E-14
1.764380E-05 2.176385E-14
1.782110E-05 2.264288E-14
1.800020E-05 2.355750E-14
1.818110E-05 2.450907E-14
1.836380E-05 2.549897E-14
1.854840E-05 2.652922E-14
1.873480E-05 2.760077E-14
1.892310E-05 2.871577E-14
1.911330E-05 2.987585E-14
1.930540E-05 3.108272E-14
1.949940E-05 3.233815E-14
1.969540E-05 3.364462E-14
1.989330E-05 3.500338E-14
2.009320E-05 3.641711E-14
2.029520E-05 3.788860E-14
2.049910E-05 3.941856E-14
2.070520E-05 4.101149E-14
2.091320E-05 4.266739E-14
2.112340E-05 4.439108E-14
2.133570E-05 4.618429E-14
2.155020E-05 4.805053E-14
2.176670E-05 4.999075E-14
2.198550E-05 5.201049E-14
2.220650E-05 5.411183E-14
2.242960E-05 5.629687E-14
2.265510E-05 5.857176E-14
2.288270E-05 6.093681E-14
2.311270E-05 6.339860E-14
2.334500E-05 6.595971E-14
2.357960E-05 6.862388E-14
2.381660E-05 7.139616E-14
2.405600E-05 7.428065E-14
2.429770E-05 7.728034E-14
2.454190E-05 8.040210E-14
2.478860E-05 8.365057E-14
2.503770E-05 8.702919E-14
2.528930E-05 9.054327E-14
2.554350E-05 9.420128E-14
2.580020E-05 9.800625E-14
2.605950E-05 1.019652E-13
2.632140E-05 1.060840E-13
2.658590E-05 1.103687E-13
2.685310E-05 1.148271E-13
2.712300E-05 1.194659E-13
2.739560E-05 1.242918E-13
2.767090E-05 1.293119E-13
2.794900E-05 1.345355E-13
2.822990E-05 1.399701E-13
2.851360E-05 1.456239E-13
2.880020E-05 1.515070E-13
2.908970E-05 1.576282E-13
2.938200E-05 1.639942E-13
2.967730E-05 1.706188E-13
2.997560E-05 1.775118E-13
3.027680E-05 1.846809E-13
3.058110E-05 1.921413E-13
3.088850E-05 1.999042E-13
3.119890E-05 2.079783E-13
3.151250E-05 2.163807E-13
3.182920E-05 2.251211E-13
3.214900E-05 2.342122E-13
3.247210E-05 2.436730E-13
3.279850E-05 2.535150E-13
3.312810E-05 2.637546E-13
3.346110E-05 2.744107E-13
3.379740E-05 2.854958E-13
3.413700E-05 2.970258E-13
3.448010E-05 3.090247E-13
3.482660E-05 3.215065E-13
3.517670E-05 3.344968E-13
3.553020E-05 3.480075E-13
3.588730E-05 3.620657E-13
3.624790E-05 3.766881E-13
3.661220E-05 3.919044E-13
3.698020E-05 4.077370E-13
3.735190E-05 4.242092E-13
3.772730E-05 4.413453E-13
3.810640E-05 4.591701E-13
3.848940E-05 4.777143E-13
3.887620E-05 4.970100E-13
3.926690E-05 5.170859E-13
3.966160E-05 5.379766E-13
4.006020E-05 5.597076E-13
4.046280E-05 5.823161E-13
4.086940E-05 6.058351E-13
4.128020E-05 6.303108E-13
4.169510E-05 6.557736E-13
4.211410E-05 6.822606E-13
4.253740E-05 7.098232E-13
4.296490E-05 7.384957E-13
4.339670E-05 7.683265E-13
4.383280E-05 7.993512E-13
4.427330E-05 8.316386E-13
4.471830E-05 8.652357E-13
4.516770E-05 9.001844E-13
4.562170E-05 9.365516E-13
4.608020E-05 9.743827E-13
4.654330E-05 1.013741E-12
4.701110E-05 1.054694E-12
4.748350E-05 1.097291E-12
4.796070E-05 1.141614E-12
4.844280E-05 1.187725E-12
4.892960E-05 1.235697E-12
4.942140E-05 1.285617E-12
4.991810E-05 1.337550E-12
5.041970E-05 1.391570E-12
5.092650E-05 1.447790E-12
5.143830E-05 1.506271E-12
5.195530E-05 1.567120E-12
5.247740E-05 1.630399E-12
5.300480E-05 1.696258E-12
5.353750E-05 1.764776E-12
5.407560E-05 1.836069E-12
5.461910E-05 1.910240E-12
5.516800E-05 1.987399E-12
5.572240E-05 2.067672E-12
5.628250E-05 2.151184E-12
5.684810E-05 2.238073E-12
5.741940E-05 2.328473E-12
5.799650E-05 2.422535E-12
5.857940E-05 2.520397E-12
5.916810E-05 2.622201E-12
5.976280E-05 2.728104E-12
6.036340E-05 2.838300E-12
6.097010E-05 2.952959E-12
6.158280E-05 3.072231E-12
6.220170E-05 3.196328E-12
6.282690E-05 3.325456E-12
6.345830E-05 3.459745E-12
6.409610E-05 3.599507E-12
6.474020E-05 3.744890E-12
6.539090E-05 3.896175E-12
6.604810E-05 4.053562E-12
6.671190E-05 4.217261E-12
6.738230E-05 4.387598E-12
6.805950E-05 4.564832E-12
6.874350E-05 4.749224E-12
6.943440E-05 4.941019E-12
7.013220E-05 5.140601E-12
7.083710E-05 5.348271E-12
7.154900E-05 5.564305E-12
7.226810E-05 5.789079E-12
7.299440E-05 6.022860E-12
7.372800E-05 6.266149E-12
7.446900E-05 6.519275E-12
7.521740E-05 6.782537E-12
7.597340E-05 7.056534E-12
7.673690E-05 7.341562E-12
7.750810E-05 7.638114E-12
7.828710E-05 7.946581E-12
7.907390E-05 8.267580E-12
7.986860E-05 8.601542E-12
8.067130E-05 8.948907E-12
8.148210E-05 9.310412E-12
8.230100E-05 9.686497E-12
8.312810E-05 1.007765E-11
8.396350E-05 1.048471E-11
8.480740E-05 1.090826E-11
8.565970E-05 1.134876E-11
8.652060E-05 1.180719E-11
8.739020E-05 1.228417E-11
8.826850E-05 1.278026E-11
8.915560E-05 1.329650E-11
9.005160E-05 1.383359E-11
9.095660E-05 1.439222E-11
9.187080E-05 1.497363E-11
9.279410E-05 1.557831E-11
9.372670E-05 1.620759E-11
9.466860E-05 1.686224E-11
9.562010E-05 1.754325E-11
9.658110E-05 1.825190E-11
9.755170E-05 1.898893E-11
9.853210E-05 1.975597E-11
9.952240E-05 2.055382E-11
1.005230E-04 2.138440E-11
1.015330E-04 2.224775E-11
1.025530E-04 2.314606E-11
1.035840E-04 2.408108E-11
1.046250E-04 2.505379E-11
1.056770E-04 2.606604E-11
1.067390E-04 2.711889E-11
1.078110E-04 2.821328E-11
1.088950E-04 2.935345E-11
1.099890E-04 3.053840E-11
1.110950E-04 3.177265E-11
1.122110E-04 3.305514E-11
1.133390E-04 3.439034E-11
1.144780E-04 3.577942E-11
1.156290E-04 3.722493E-11
1.167910E-04 3.872809E-11
1.179640E-04 4.029145E-11
1.191500E-04 4.191918E-11
1.203470E-04 4.361135E-11
1.215570E-04 4.537373E-11
1.227790E-04 4.720659E-11
1.240130E-04 4.911305E-11
1.252590E-04 5.109638E-11
1.265180E-04 5.316004E-11
1.277890E-04 5.530593E-11
1.290740E-04 5.754062E-11
1.303710E-04 5.986393E-11
1.316810E-04 6.228163E-11
1.330040E-04 6.479599E-11
1.343410E-04 6.741325E-11
1.356910E-04 7.013534E-11
1.370550E-04 7.296825E-11
1.384320E-04 7.591405E-11
1.398240E-04 7.898137E-11
1.412290E-04 8.217034E-11
1.426480E-04 8.548778E-11
1.440820E-04 8.894191E-11
1.455300E-04 9.253358E-11
1.469930E-04 9.627045E-11
1.484700E-04 1.001574E-10
1.499620E-04 1.042017E-10
1.514690E-04 1.084093E-10
1.529920E-04 1.127894E-10
1.545290E-04 1.173424E-10
1.560820E-04 1.220810E-10
1.576510E-04 1.270122E-10
1.592350E-04 1.321400E-10
1.608360E-04 1.374771E-10
1.624520E-04 1.430274E-10
1.640850E-04 1.488046E-10
1.657340E-04 1.548135E-10
1.673990E-04 1.610613E-10
1.690820E-04 1.675679E-10
1.707810E-04 1.743337E-10
1.724980E-04 1.813746E-10
1.742310E-04 1.886964E-10
1.759820E-04 1.963144E-10
1.777510E-04 2.042439E-10
1.795370E-04 2.124877E-10
1.813420E-04 2.210718E-10
1.831640E-04 2.299944E-10
1.850050E-04 2.392833E-10
1.868640E-04 2.489421E-10
1.887420E-04 2.589924E-10
1.906390E-04 2.694521E-10
1.925550E-04 2.803309E-10
1.944900E-04 2.916473E-10
1.964450E-04 3.034240E-10
1.984190E-04 3.156755E-10
2.004140E-04 3.284257E-10
2.024280E-04 3.416838E-10
2.044620E-04 3.554755E-10
2.065170E-04 3.698278E-10
2.085930E-04 3.847622E-10
2.106890E-04 4.002931E-10
2.128060E-04 4.164504E-10
2.149450E-04 4.332658E-10
2.171050E-04 4.507512E-10
2.192870E-04 4.689497E-10
2.214910E-04 4.878836E-10
2.237170E-04 5.075806E-10
2.259660E-04 5.280730E-10
2.282370E-04 5.493927E-10
2.305300E-04 5.715591E-10
2.328470E-04 5.946359E-10
2.351870E-04 6.186348E-10
2.375510E-04 6.436143E-10
2.399390E-04 6.695980E-10
2.423500E-04 6.966266E-10
2.447860E-04 7.247477E-10
2.472460E-04 7.539980E-10
2.497310E-04 7.844324E-10
2.522400E-04 8.160827E-10
2.547760E-04 8.490337E-10
2.573360E-04 8.832948E-10
2.599220E-04 9.189423E-10
2.625350E-04 9.560431E-10
2.651730E-04 9.946229E-10
2.678380E-04 1.034767E-09
2.705300E-04 1.076524E-09
2.732490E-04 1.119976E-09
2.759950E-04 1.165165E-09
2.787690E-04 1.212196E-09
2.815700E-04 1.261097E-09
2.844000E-04 1.312000E-09
2.872590E-04 1.364954E-09
2.901460E-04 1.420031E-09
2.930620E-04 1.477330E-09
2.960070E-04 1.536935E-09
2.989820E-04 1.598953E-09
3.019870E-04 1.663476E-09
3.050220E-04 1.730599E-09
3.080870E-04 1.800417E-09
3.111840E-04 1.873062E-09
3.143110E-04 1.948630E-09
3.174700E-04 2.027241E-09
3.206600E-04 2.109025E-09
3.238830E-04 2.194111E-09
3.271380E-04 2.282619E-09
3.304260E-04 2.374706E-09
3.337470E-04 2.470506E-09
3.371010E-04 2.570159E-09
3.404890E-04 2.673841E-09
3.439110E-04 2.781704E-09
3.473670E-04 2.893906E-09
3.508580E-04 3.010610E-09
3.543850E-04 3.132086E-09
3.579460E-04 3.258377E-09
3.615440E-04 3.389805E-09
3.651770E-04 3.526490E-09
3.688470E-04 3.668706E-09
3.725540E-04 3.816662E-09
3.762980E-04 3.970574E-09
3.800800E-04 4.130709E-09
3.839000E-04 4.297256E-09
3.877590E-04 4.470593E-09
3.916560E-04 4.650836E-09
3.955920E-04 4.838338E-09
3.995680E-04 5.033421E-09
4.035830E-04 5.236321E-09
4.076390E-04 5.447434E-09
4.117360E-04 5.667072E-09
4.158740E-04 5.895493E-09
4.200540E-04 6.133210E-09
4.242750E-04 6.380384E-09
4.285390E-04 6.637555E-09
4.328460E-04 6.905102E-09
4.371970E-04 7.183478E-09
4.415900E-04 7.472962E-09
4.460280E-04 7.774088E-09
4.505110E-04 8.087377E-09
4.550390E-04 8.413375E-09
4.596120E-04 8.752383E-09
4.642310E-04 9.105055E-09
4.688970E-04 9.471884E-09
4.736090E-04 9.853521E-09
4.783690E-04 1.025048E-08
4.831770E-04 1.066356E-08
4.880330E-04 1.109314E-08
4.929380E-04 1.154005E-08
4.978920E-04 1.200480E-08
5.028960E-04 1.248842E-08
5.079500E-04 1.299136E-08
5.130550E-04 1.351458E-08
5.182110E-04 1.405883E-08
5.234190E-04 1.462502E-08
5.286800E-04 1.521409E-08
5.339930E-04 1.582662E-08
5.393600E-04 1.646388E-08
5.447800E-04 1.712668E-08
5.502560E-04 1.781636E-08
5.557860E-04 1.853368E-08
5.613710E-04 1.927960E-08
5.670130E-04 2.005565E-08
5.727120E-04 2.086299E-08
5.784680E-04 2.170279E-08
5.842810E-04 2.257603E-08
5.901540E-04 2.348464E-08
5.960850E-04 2.442966E-08
6.020760E-04 2.541278E-08
6.081260E-04 2.643496E-08
6.142380E-04 2.749877E-08
6.204110E-04 2.860501E-08
6.266470E-04 2.975562E-08
6.329440E-04 3.095250E-08
6.393060E-04 3.219754E-08
6.457310E-04 3.349246E-08
6.522210E-04 3.483955E-08
6.587750E-04 3.624017E-08
6.653960E-04 3.769736E-08
6.720840E-04 3.921324E-08
6.788380E-04 4.078978E-08
6.856600E-04 4.242929E-08
6.925520E-04 4.413507E-08
6.995120E-04 4.590908E-08
7.065420E-04 4.775392E-08
7.136430E-04 4.967351E-08
7.208150E-04 5.166906E-08
7.280600E-04 5.374562E-08
7.353770E-04 5.590479E-08
7.427670E-04 5.815054E-08
7.502320E-04 6.048674E-08
7.577720E-04 6.291612E-08
7.653880E-04 6.544315E-08
7.730800E-04 6.807076E-08
7.808500E-04 7.080487E-08
7.886980E-04 7.364721E-08
7.966240E-04 7.660412E-08
8.046300E-04 7.967904E-08
8.127170E-04 8.287760E-08
8.208850E-04 8.620353E-08
8.291350E-04 8.966385E-08
8.374680E-04 9.326112E-08
8.458840E-04 9.700340E-08
8.543860E-04 1.008954E-07
8.629720E-04 1.049418E-07
8.716460E-04 1.091513E-07
8.804060E-04 1.135291E-07
8.892540E-04 1.180824E-07
8.981910E-04 1.228171E-07
9.072180E-04 1.277403E-07
9.163350E-04 1.328605E-07
9.255450E-04 1.381867E-07
9.348470E-04 1.437246E-07
9.442420E-04 1.494841E-07
9.537320E-04 1.554748E-07
9.633170E-04 1.617035E-07
9.729990E-04 1.681805E-07
9.827770E-04 1.749179E-07
9.926550E-04 1.819225E-07
1.002630E-03 1.892059E-07
1.012710E-03 1.967845E-07
1.022890E-03 2.046635E-07
1.033170E-03 2.128560E-07
1.043550E-03 2.213714E-07
1.054040E-03 2.302323E-07
1.064630E-03 2.394404E-07
1.075330E-03 2.490202E-07
1.086140E-03 2.589827E-07
1.097050E-03 2.693354E-07
1.108080E-03 2.801093E-07
1.119220E-03 2.913133E-07
1.130460E-03 3.029495E-07
1.141820E-03 3.150582E-07
1.153300E-03 3.276539E-07
1.164890E-03 3.407432E-07
1.176600E-03 3.543597E-07
1.188420E-03 3.685068E-07
1.200370E-03 3.832329E-07
1.212430E-03 3.985300E-07
1.224620E-03 4.144495E-07
1.236920E-03 4.309830E-07
1.249360E-03 4.481945E-07
1.261910E-03 4.660713E-07
1.274590E-03 4.846618E-07
1.287400E-03 5.039924E-07
1.300340E-03 5.240959E-07
1.313410E-03 5.450012E-07
1.326610E-03 5.667258E-07
1.339940E-03 5.893118E-07
1.353410E-03 6.128020E-07
1.367010E-03 6.372186E-07
1.380750E-03 6.626001E-07
1.394630E-03 6.889962E-07
1.408640E-03 7.164245E-07
1.422800E-03 7.449559E-07
1.437100E-03 7.746101E-07
1.451540E-03 8.054278E-07
1.466130E-03 8.374736E-07
1.480870E-03 8.708020E-07
1.495750E-03 9.054273E-07
1.510780E-03 9.414204E-07
1.525970E-03 9.788669E-07
1.541300E-03 1.017758E-06
1.556790E-03 1.058188E-06
1.572440E-03 1.100248E-06
1.588240E-03 1.143934E-06
1.604200E-03 1.189345E-06
1.620330E-03 1.236587E-06
1.636610E-03 1.285654E-06
1.653060E-03 1.336674E-06
1.669670E-03 1.389685E-06
1.686450E-03 1.444794E-06
1.703400E-03 1.502092E-06
1.720520E-03 1.561628E-06
1.737810E-03 1.623515E-06
1.755280E-03 1.687859E-06
1.772920E-03 1.754694E-06
1.790740E-03 1.824185E-06
1.808730E-03 1.896370E-06
1.826910E-03 1.971429E-06
1.845270E-03 2.049424E-06
1.863820E-03 2.130506E-06
1.882550E-03 2.214765E-06
1.901470E-03 2.302314E-06
1.920580E-03 2.393296E-06
1.939880E-03 2.487836E-06
1.959380E-03 2.586113E-06
1.979070E-03 2.688210E-06
1.998960E-03 2.794317E-06
2.019050E-03 2.904582E-06
2.039340E-03 3.019152E-06
2.059840E-03 3.138242E-06
2.080540E-03 3.261956E-06
2.101450E-03 3.390521E-06
2.122570E-03 3.524074E-06
2.143900E-03 3.662871E-06
2.165450E-03 3.807089E-06
2.187210E-03 3.956893E-06
2.209190E-03 4.112555E-06
2.231400E-03 4.274361E-06
2.253820E-03 4.442379E-06
2.276470E-03 4.616986E-06
2.299350E-03 4.798369E-06
2.322460E-03 4.986821E-06
2.345800E-03 5.182594E-06
2.369380E-03 5.386040E-06
2.393190E-03 5.597282E-06
2.417240E-03 5.816749E-06
2.441540E-03 6.044832E-06
2.466070E-03 6.281642E-06
2.490860E-03 6.527793E-06
2.515890E-03 6.783339E-06
2.541180E-03 7.048822E-06
2.566720E-03 7.324642E-06
2.592510E-03 7.611005E-06
2.618570E-03 7.908601E-06
2.644890E-03 8.217621E-06
2.671470E-03 8.538558E-06
2.698320E-03 8.871961E-06
2.725430E-03 9.218040E-06
2.752820E-03 9.577610E-06
2.780490E-03 9.951044E-06
2.808440E-03 1.033894E-05
2.836660E-03 1.074167E-05
2.865170E-03 1.115992E-05
2.893960E-03 1.159409E-05
2.923050E-03 1.204518E-05
2.952430E-03 1.251363E-05
2.982100E-03 1.299991E-05
3.012070E-03 1.350479E-05
3.042340E-03 1.402910E-05
3.072920E-03 1.457369E-05
3.103800E-03 1.513892E-05
3.134990E-03 1.572570E-05
3.166500E-03 1.633516E-05
3.198330E-03 1.696790E-05
3.230470E-03 1.762453E-05
3.262940E-03 1.830649E-05
3.295730E-03 1.901424E-05
3.328850E-03 1.974890E-05
3.362310E-03 2.051186E-05
3.396100E-03 2.130363E-05
3.430230E-03 2.212569E-05
3.464710E-03 2.297885E-05
3.499530E-03 2.386443E-05
3.534700E-03 2.478353E-05
3.570220E-03 2.573761E-05
3.606100E-03 2.672786E-05
3.642340E-03 2.775520E-05
3.678950E-03 2.882184E-05
3.715920E-03 2.992882E-05
3.753270E-03 3.107748E-05
3.790990E-03 3.226963E-05
3.829090E-03 3.350633E-05
3.867570E-03 3.478986E-05
3.906440E-03 3.612179E-05
3.945700E-03 3.750376E-05
3.985360E-03 3.893784E-05
4.025410E-03 4.042587E-05
4.065870E-03 4.196954E-05
4.106730E-03 4.357079E-05
4.148010E-03 4.523291E-05
4.189690E-03 4.695606E-05
4.231800E-03 4.874412E-05
4.274330E-03 5.059941E-05
4.317290E-03 5.252351E-05
4.360680E-03 5.451929E-05
4.404500E-03 5.658914E-05
4.448770E-03 5.873724E-05
4.493480E-03 6.096434E-05
4.538640E-03 6.327429E-05
4.584250E-03 6.566983E-05
4.630330E-03 6.815417E-05
4.676860E-03 7.073068E-05
4.723870E-03 7.340257E-05
4.771340E-03 7.617347E-05
4.819290E-03 7.904615E-05
4.867730E-03 8.202458E-05
4.916650E-03 8.511347E-05
4.966060E-03 8.831621E-05
5.015970E-03 9.163617E-05
5.066380E-03 9.507824E-05
5.117300E-03 9.864603E-05
5.168730E-03 1.023460E-04
5.220680E-03 1.061808E-04
5.273150E-03 1.101561E-04
5.326140E-03 1.142751E-04
5.379670E-03 1.185454E-04
5.433740E-03 1.229721E-04
5.488350E-03 1.275587E-04
5.543510E-03 1.323128E-04
5.599220E-03 1.372397E-04
5.655490E-03 1.423444E-04
5.712330E-03 1.476352E-04
5.769740E-03 1.531163E-04
5.827730E-03 1.587966E-04
5.886300E-03 1.646806E-04
5.945460E-03 1.707778E-04
6.005210E-03 1.770929E-04
6.065560E-03 1.836360E-04
6.126520E-03 1.904134E-04
6.188100E-03 1.974360E-04
6.250290E-03 2.047078E-04
6.313100E-03 2.122404E-04
6.376550E-03 2.200420E-04
6.440640E-03 2.281238E-04
6.505370E-03 2.364889E-04
6.570750E-03 2.451560E-04
6.636780E-03 2.541256E-04
6.703480E-03 2.634161E-04
6.770850E-03 2.730344E-04
6.838900E-03 2.829954E-04
6.907640E-03 2.933079E-04
6.977060E-03 3.039809E-04
7.047180E-03 3.150286E-04
7.118000E-03 3.264664E-04
7.189540E-03 3.383058E-04
7.261800E-03 3.505589E-04
7.334780E-03 3.632380E-04
7.408500E-03 3.763646E-04
7.482950E-03 3.899404E-04
7.558160E-03 4.039948E-04
7.634120E-03 4.185350E-04
7.710840E-03 4.335775E-04
7.788340E-03 4.491472E-04
7.866610E-03 4.652461E-04
7.945670E-03 4.818998E-04
8.025530E-03 4.991334E-04
8.106190E-03 5.169578E-04
8.187650E-03 5.353831E-04
8.269940E-03 5.544482E-04
8.353060E-03 5.741648E-04
8.437010E-03 5.945516E-04
8.521800E-03 6.156306E-04
8.607450E-03 6.374191E-04
8.693950E-03 6.599507E-04
8.781330E-03 6.832474E-04
8.869580E-03 7.073186E-04
8.958720E-03 7.322106E-04
9.048760E-03 7.579408E-04
9.139700E-03 7.845222E-04
9.231560E-03 8.119952E-04
9.324330E-03 8.403811E-04
9.418050E-03 8.697193E-04
9.512700E-03 9.000289E-04
9.608300E-03 9.313439E-04
9.704870E-03 9.636867E-04
9.802400E-03 9.971069E-04
9.900920E-03 1.031619E-03
1.000040E-02 1.067254E-03
1.010090E-02 1.104051E-03
1.020240E-02 1.142063E-03
1.030500E-02 1.181336E-03
1.040860E-02 1.221875E-03
1.051320E-02 1.263695E-03
1.061880E-02 1.306862E-03
1.072550E-02 1.351425E-03
1.083330E-02 1.397419E-03
1.094220E-02 1.444919E-03
1.105220E-02 1.493926E-03
1.116330E-02 1.544476E-03
1.127540E-02 1.596573E-03
1.138880E-02 1.650423E-03
1.150320E-02 1.705900E-03
1.161880E-02 1.763135E-03
1.173560E-02 1.822172E-03
1.185360E-02 1.883080E-03
1.197270E-02 1.945841E-03
1.209300E-02 2.010534E-03
1.221450E-02 2.077234E-03
1.233730E-02 2.146057E-03
1.246130E-02 2.216953E-03
1.258650E-02 2.289968E-03
1.271300E-02 2.365254E-03
1.284080E-02 2.442830E-03
1.296980E-02 2.522707E-03
1.310020E-02 2.605053E-03
1.323190E-02 2.689883E-03
1.336480E-02 2.777129E-03
1.349920E-02 2.867132E-03
1.363480E-02 2.959657E-03
1.377190E-02 3.055058E-03
1.391030E-02 3.153175E-03
1.405010E-02 3.254152E-03
1.419130E-02 3.358095E-03
1.433390E-02 3.465014E-03
1.447800E-02 3.575117E-03
1.462350E-02 3.688315E-03
1.477040E-02 3.804722E-03
1.491890E-02 3.924547E-03
1.506880E-02 4.047646E-03
1.522030E-02 4.174353E-03
1.537320E-02 4.304454E-03
1.552770E-02 4.438296E-03
1.568380E-02 4.575879E-03
1.584140E-02 4.717151E-03
1.600060E-02 4.862365E-03
1.616140E-02 5.011592E-03
1.632390E-02 5.164860E-03
1.648790E-02 5.322232E-03
1.665360E-02 5.483768E-03
1.682100E-02 5.649802E-03
1.699000E-02 5.819994E-03
1.716080E-02 5.994860E-03
1.733330E-02 6.174339E-03
1.750750E-02 6.358392E-03
1.768340E-02 6.547183E-03
1.786110E-02 6.740814E-03
1.804060E-02 6.939459E-03
1.822200E-02 7.143343E-03
1.840510E-02 7.352097E-03
1.859010E-02 7.566215E-03
1.877690E-02 7.785467E-03
1.896560E-02 8.010343E-03
1.915620E-02 8.240631E-03
1.934870E-02 8.476375E-03
1.954320E-02 8.718103E-03
1.973960E-02 8.965390E-03
1.993800E-02 9.218784E-03
2.013840E-02 9.478010E-03
2.034080E-02 9.743279E-03
2.054520E-02 1.001463E-02
2.075170E-02 1.029250E-02
2.096020E-02 1.057634E-02
2.117090E-02 1.086698E-02
2.138370E-02 1.116386E-02
2.159860E-02 1.146741E-02
2.181560E-02 1.177768E-02
2.203490E-02 1.209490E-02
2.225640E-02 1.241888E-02
2.248000E-02 1.274964E-02
2.270600E-02 1.308764E-02
2.293420E-02 1.343294E-02
2.316460E-02 1.378504E-02
2.339750E-02 1.414463E-02
2.363260E-02 1.451157E-02
2.387010E-02 1.488605E-02
2.411000E-02 1.526805E-02
2.435230E-02 1.565768E-02
2.459710E-02 1.605514E-02
2.484430E-02 1.646027E-02
2.509400E-02 1.687330E-02
2.534620E-02 1.729425E-02
2.560090E-02 1.772316E-02
2.585820E-02 1.816030E-02
2.611810E-02 1.860566E-02
2.638060E-02 1.905925E-02
2.664570E-02 1.952113E-02
2.691350E-02 1.999157E-02
2.718400E-02 2.047053E-02
2.745720E-02 2.095809E-02
2.773310E-02 2.145423E-02
2.801180E-02 2.195926E-02
2.829340E-02 2.247356E-02
2.857770E-02 2.299641E-02
2.886490E-02 2.352856E-02
2.915500E-02 2.406997E-02
2.944800E-02 2.462066E-02
2.974400E-02 2.518108E-02
3.004290E-02 2.575083E-02
3.034490E-02 2.633063E-02
3.064980E-02 2.691992E-02
3.095790E-02 2.751974E-02
3.126900E-02 2.812946E-02
3.158330E-02 2.874987E-02
3.190070E-02 2.938063E-02
3.222130E-02 3.002226E-02
3.254510E-02 3.067480E-02
3.287220E-02 3.133889E-02
3.320260E-02 3.201443E-02
3.353630E-02 3.270173E-02
3.387330E-02 3.340094E-02
3.421370E-02 3.411254E-02
3.455760E-02 3.483721E-02
3.490490E-02 3.557468E-02
3.525570E-02 3.632568E-02
3.561000E-02 3.709036E-02
3.596790E-02 3.786953E-02
3.632940E-02 3.866128E-02
3.669450E-02 3.946494E-02
3.706330E-02 4.028385E-02
3.743580E-02 4.111838E-02
3.781200E-02 4.196902E-02
3.819210E-02 4.283711E-02
3.857590E-02 4.372237E-02
3.896360E-02 4.462622E-02
3.935520E-02 4.554908E-02
3.975070E-02 4.649158E-02
4.015020E-02 4.745513E-02
4.055370E-02 4.844032E-02
4.096130E-02 4.944810E-02
4.137300E-02 5.047945E-02
4.178880E-02 5.153511E-02
4.220870E-02 5.261603E-02
4.263300E-02 5.372419E-02
4.306140E-02 5.485934E-02
4.349420E-02 5.602339E-02
4.393130E-02 5.721722E-02
4.437280E-02 5.844183E-02
4.481880E-02 5.969862E-02
4.526920E-02 6.098825E-02
4.572420E-02 6.231278E-02
4.618370E-02 6.367208E-02
4.664790E-02 6.506853E-02
4.711670E-02 6.650201E-02
4.759020E-02 6.797470E-02
4.806850E-02 6.948713E-02
4.855160E-02 7.104077E-02
4.903960E-02 7.263664E-02
4.953240E-02 7.427517E-02
5.003020E-02 7.595795E-02
5.053300E-02 7.768598E-02
5.104090E-02 7.946060E-02
5.155390E-02 8.128187E-02
5.207200E-02 8.315140E-02
5.259530E-02 8.506985E-02
5.312390E-02 8.703846E-02
5.365790E-02 8.905814E-02
5.419710E-02 9.112847E-02
5.474180E-02 9.325157E-02
5.529200E-02 9.542791E-02
5.584770E-02 9.765748E-02
5.640890E-02 9.994784E-02
5.697580E-02 1.022978E-01
5.754850E-02 1.048535E-01
5.812690E-02 1.073307E-01
5.871100E-02 1.098626E-01
5.930110E-02 1.124507E-01
5.989710E-02 1.150922E-01
6.049910E-02 1.177874E-01
6.110700E-02 1.205331E-01
6.172120E-02 1.233300E-01
6.234150E-02 1.261748E-01
6.296810E-02 1.290649E-01
6.360090E-02 1.319976E-01
6.424010E-02 1.349709E-01
6.488570E-02 1.379808E-01
6.553780E-02 1.410230E-01
6.619650E-02 1.440957E-01
6.686180E-02 1.471936E-01
6.753380E-02 1.503126E-01
6.821250E-02 1.534472E-01
6.889810E-02 1.565941E-01
6.959040E-02 1.597468E-01
7.028990E-02 1.629040E-01
7.099630E-02 1.660575E-01
7.170980E-02 1.692033E-01
7.243050E-02 1.723382E-01
7.315840E-02 1.754577E-01
7.389370E-02 1.785581E-01
7.463640E-02 1.816355E-01
7.538640E-02 1.846851E-01
7.614410E-02 1.877079E-01
7.690940E-02 1.906991E-01
7.768230E-02 1.936569E-01
7.846300E-02 1.965820E-01
7.925160E-02 1.994717E-01
8.004810E-02 2.023286E-01
8.085260E-02 2.051507E-01
8.166510E-02 2.079416E-01
8.248590E-02 2.107030E-01
8.331490E-02 2.134373E-01
8.415230E-02 2.161490E-01
8.499800E-02 2.188402E-01
8.585220E-02 2.215182E-01
8.671510E-02 2.241894E-01
8.758660E-02 2.268596E-01
8.846690E-02 2.295384E-01
8.935590E-02 2.322335E-01
9.025400E-02 2.349569E-01
9.116100E-02 2.377188E-01
9.207720E-02 2.405324E-01
9.300260E-02 2.434125E-01
9.393730E-02 2.463727E-01
9.488140E-02 2.494278E-01
9.583500E-02 2.525979E-01
9.679810E-02 2.558958E-01
9.777090E-02 2.593376E-01
9.875360E-02 2.629469E-01
9.974610E-02 2.667332E-01
1.007480E-01 2.707101E-01
1.017610E-01 2.749060E-01
1.027840E-01 2.793251E-01
1.038170E-01 2.839744E-01
1.048600E-01 2.888663E-01
1.059140E-01 2.940120E-01
1.069780E-01 2.994083E-01
1.080540E-01 3.050769E-01
1.091400E-01 3.109945E-01
1.102360E-01 3.171586E-01
1.113440E-01 3.235800E-01
1.124630E-01 3.302422E-01
1.135940E-01 3.371409E-01
1.147350E-01 3.442341E-01
1.158880E-01 3.515302E-01
1.170530E-01 3.590020E-01
1.182300E-01 3.666182E-01
1.194180E-01 3.743383E-01
1.206180E-01 3.821389E-01
1.218300E-01 3.899725E-01
1.230550E-01 3.978147E-01
1.242910E-01 4.055866E-01
1.255400E-01 4.132720E-01
1.268020E-01 4.208167E-01
1.280770E-01 4.281749E-01
1.293640E-01 4.352929E-01
1.306640E-01 4.421411E-01
1.319770E-01 4.486932E-01
1.333030E-01 4.549175E-01
1.346430E-01 4.608255E-01
1.359960E-01 4.663933E-01
1.373630E-01 4.716415E-01
1.387440E-01 4.765910E-01
1.401380E-01 4.812422E-01
1.415460E-01 4.856430E-01
1.429690E-01 4.898467E-01
1.444060E-01 4.938842E-01
1.458570E-01 4.977996E-01
1.473230E-01 5.016617E-01
1.488040E-01 5.055319E-01
1.502990E-01 5.094443E-01
1.518100E-01 5.135123E-01
1.533350E-01 5.177758E-01
1.548760E-01 5.223275E-01
1.564330E-01 5.272541E-01
1.580050E-01 5.326141E-01
1.595930E-01 5.384996E-01
1.611970E-01 5.449564E-01
1.628170E-01 5.520425E-01
1.644530E-01 5.597952E-01
1.661060E-01 5.682340E-01
1.677760E-01 5.773369E-01
1.694620E-01 5.870823E-01
1.711650E-01 5.974264E-01
1.728850E-01 6.083026E-01
1.746230E-01 6.196291E-01
1.763780E-01 6.313137E-01
1.781500E-01 6.432360E-01
1.799410E-01 6.553215E-01
1.817490E-01 6.674037E-01
1.835760E-01 6.793809E-01
1.854210E-01 6.911291E-01
1.872840E-01 7.024919E-01
1.891660E-01 7.133999E-01
1.910680E-01 7.237397E-01
1.929880E-01 7.334221E-01
1.949280E-01 7.424022E-01
1.968860E-01 7.506416E-01
1.988650E-01 7.581952E-01
2.008640E-01 7.650926E-01
2.028830E-01 7.714167E-01
2.049220E-01 7.772929E-01
2.069810E-01 7.828144E-01
2.090610E-01 7.881757E-01
2.111620E-01 7.935387E-01
2.132850E-01 7.990993E-01
2.154280E-01 8.050110E-01
2.175930E-01 8.114846E-01
2.197800E-01 8.186889E-01
2.219890E-01 8.267626E-01
2.242200E-01 8.358054E-01
2.264730E-01 8.458678E-01
2.287500E-01 8.569770E-01
2.310490E-01 8.690477E-01
2.333700E-01 8.819707E-01
2.357160E-01 8.956393E-01
2.380850E-01 9.098393E-01
2.404780E-01 9.243806E-01
2.428950E-01 9.390432E-01
2.453360E-01 9.535936E-01
2.478010E-01 9.678055E-01
2.502920E-01 9.814985E-01
2.528070E-01 9.944606E-01
2.553480E-01 1.006578E+00
2.579140E-01 1.017760E+00
2.605070E-01 1.028027E+00
2.631240E-01 1.037408E+00
2.657690E-01 1.046093E+00
2.684400E-01 1.054251E+00
2.711380E-01 1.062127E+00
2.738630E-01 1.069988E+00
2.766150E-01 1.078095E+00
2.793950E-01 1.086718E+00
2.822030E-01 1.096081E+00
2.850390E-01 1.106368E+00
2.879040E-01 1.117699E+00
2.907980E-01 1.130109E+00
2.937200E-01 1.143528E+00
2.966720E-01 1.157867E+00
2.996540E-01 1.172928E+00
3.026650E-01 1.188453E+00
3.057070E-01 1.204210E+00
3.087800E-01 1.219910E+00
3.118830E-01 1.235263E+00
3.150170E-01 1.250028E+00
3.181830E-01 1.264029E+00
3.213810E-01 1.277162E+00
3.246110E-01 1.289419E+00
3.278730E-01 1.300908E+00
3.311690E-01 1.311854E+00
3.344970E-01 1.322509E+00
3.378580E-01 1.333179E+00
3.412540E-01 1.344175E+00
3.446840E-01 1.355722E+00
3.481480E-01 1.367994E+00
3.516470E-01 1.381125E+00
3.551810E-01 1.395139E+00
3.587510E-01 1.410022E+00
3.623560E-01 1.425620E+00
3.659980E-01 1.441749E+00
3.696760E-01 1.458070E+00
3.733920E-01 1.474302E+00
3.771440E-01 1.490156E+00
3.809350E-01 1.505519E+00
3.847630E-01 1.520299E+00
3.886300E-01 1.534516E+00
3.925360E-01 1.548233E+00
3.964810E-01 1.561561E+00
4.004650E-01 1.574732E+00
4.044900E-01 1.588033E+00
4.085550E-01 1.601742E+00
4.126620E-01 1.616048E+00
4.168090E-01 1.630982E+00
4.209980E-01 1.646546E+00
4.252290E-01 1.662677E+00
4.295030E-01 1.679265E+00
4.338190E-01 1.696072E+00
4.381790E-01 1.712867E+00
4.425830E-01 1.729431E+00
4.470310E-01 1.745633E+00
4.515230E-01 1.761497E+00
4.560610E-01 1.777083E+00
4.606450E-01 1.792457E+00
4.652750E-01 1.807755E+00
4.699500E-01 1.823124E+00
4.746740E-01 1.838829E+00
4.794440E-01 1.854960E+00
4.842630E-01 1.871567E+00
4.891300E-01 1.888507E+00
4.940450E-01 1.905720E+00
4.990110E-01 1.923129E+00
5.040260E-01 1.940598E+00
5.090920E-01 1.957997E+00
5.142080E-01 1.975152E+00
5.193760E-01 1.992104E+00
5.245960E-01 2.009008E+00
5.298680E-01 2.025925E+00
5.351930E-01 2.042935E+00
5.405720E-01 2.060110E+00
5.460050E-01 2.077565E+00
5.514920E-01 2.095337E+00
5.570340E-01 2.113336E+00
5.626330E-01 2.131457E+00
5.682880E-01 2.149653E+00
5.739990E-01 2.167887E+00
5.797670E-01 2.186077E+00
5.855940E-01 2.204187E+00
5.914800E-01 2.222292E+00
5.974240E-01 2.240506E+00
6.034280E-01 2.258823E+00
6.094930E-01 2.277287E+00
6.156190E-01 2.295931E+00
6.218060E-01 2.314792E+00
6.280550E-01 2.333754E+00
6.343670E-01 2.352764E+00
6.407420E-01 2.371825E+00
6.471820E-01 2.390971E+00
6.536870E-01 2.410125E+00
6.602560E-01 2.429303E+00
6.668920E-01 2.448606E+00
6.735940E-01 2.468058E+00
6.803640E-01 2.487553E+00
6.872010E-01 2.507201E+00
6.941080E-01 2.527025E+00
7.010840E-01 2.546899E+00
7.081300E-01 2.566808E+00
7.152460E-01 2.586824E+00
7.224350E-01 2.606930E+00
7.296960E-01 2.627050E+00
7.370290E-01 2.647293E+00
7.444360E-01 2.667662E+00
7.519180E-01 2.688109E+00
7.594750E-01 2.708640E+00
7.671080E-01 2.729277E+00
7.748170E-01 2.749950E+00
7.826040E-01 2.770734E+00
7.904700E-01 2.791654E+00
7.984140E-01 2.812577E+00
8.064390E-01 2.833637E+00
8.145430E-01 2.854775E+00
8.227300E-01 2.876008E+00
8.309980E-01 2.897319E+00
8.393500E-01 2.918759E+00
8.477850E-01 2.940177E+00
8.563060E-01 2.961821E+00
8.649120E-01 2.983488E+00
8.736050E-01 3.005211E+00
8.823840E-01 3.027094E+00
8.912520E-01 3.049028E+00
9.002100E-01 3.071090E+00
9.092570E-01 3.093221E+00
9.183950E-01 3.115400E+00
9.276250E-01 3.137709E+00
9.369480E-01 3.160113E+00
9.463640E-01 3.182586E+00
9.558750E-01 3.205198E+00
9.654820E-01 3.227824E+00
9.751850E-01 3.250592E+00
9.849860E-01 3.273412E+00
9.948850E-01 3.296331E+00
1.004880E+00 3.319306E+00
1.014980E+00 3.342362E+00
1.025180E+00 3.365559E+00
1.035490E+00 3.388870E+00
1.045890E+00 3.412151E+00
1.056410E+00 3.435673E+00
1.067020E+00 3.459102E+00
1.077750E+00 3.482779E+00
1.088580E+00 3.506452E+00
1.099520E+00 3.530235E+00
1.110570E+00 3.554080E+00
1.121730E+00 3.578044E+00
1.133000E+00 3.602022E+00
1.144390E+00 3.626238E+00
1.155890E+00 3.650414E+00
1.167510E+00 3.674800E+00
1.179240E+00 3.699141E+00
1.191090E+00 3.723651E+00
1.203060E+00 3.748193E+00
1.215160E+00 3.773003E+00
1.227370E+00 3.797704E+00
1.239700E+00 3.822503E+00
1.252160E+00 3.847408E+00
1.264750E+00 3.872492E+00
1.277460E+00 3.897577E+00
1.290300E+00 3.922762E+00
1.303260E+00 3.947927E+00
1.316360E+00 3.973278E+00
1.329590E+00 3.998723E+00
1.342950E+00 4.024196E+00
1.356450E+00 4.049846E+00
1.370080E+00 4.075486E+00
1.383850E+00 4.101264E+00
1.397760E+00 4.127184E+00
1.411810E+00 4.153138E+00
1.426000E+00 4.179208E+00
1.440330E+00 4.205280E+00
1.454810E+00 4.231555E+00
1.469430E+00 4.257852E+00
1.484190E+00 4.284118E+00
1.499110E+00 4.310638E+00
1.514180E+00 4.337224E+00
1.529390E+00 4.363743E+00
1.544770E+00 4.390594E+00
1.560290E+00 4.417339E+00
1.575970E+00 4.444204E+00
1.591810E+00 4.471208E+00
1.607810E+00 4.498288E+00
1.623970E+00 4.525440E+00
1.640290E+00 4.552666E+00
1.656770E+00 4.579940E+00
1.673420E+00 4.607301E+00
1.690240E+00 4.634793E+00
1.707230E+00 4.662387E+00
1.724390E+00 4.690033E+00
1.741720E+00 4.717751E+00
1.759220E+00 4.745486E+00
1.776900E+00 4.773395E+00
1.794760E+00 4.801392E+00
1.812800E+00 4.829444E+00
1.831020E+00 4.857600E+00
1.849420E+00 4.885829E+00
1.868010E+00 4.914201E+00
1.886780E+00 4.942542E+00
1.905740E+00 4.971012E+00
1.924900E+00 4.999642E+00
1.944240E+00 5.028284E+00
1.963780E+00 5.057003E+00
1.983520E+00 5.085855E+00
2.003450E+00 5.114658E+00
2.023590E+00 5.143712E+00
2.043930E+00 5.172760E+00
2.064470E+00 5.201901E+00
2.085220E+00 5.231110E+00
2.106170E+00 5.260392E+00
2.127340E+00 5.289773E+00
2.148720E+00 5.319219E+00
2.170320E+00 5.348813E+00
2.192130E+00 5.378445E+00
2.214160E+00 5.408153E+00
2.236410E+00 5.437919E+00
2.258890E+00 5.467821E+00
2.281590E+00 5.497744E+00
2.304520E+00 5.527813E+00
2.327680E+00 5.557962E+00
2.351070E+00 5.588118E+00
2.374700E+00 5.618402E+00
2.398570E+00 5.648792E+00
2.422670E+00 5.679171E+00
2.447020E+00 5.709701E+00
2.471620E+00 5.740353E+00
2.496460E+00 5.771069E+00
2.521550E+00 5.801795E+00
2.546890E+00 5.832620E+00
2.572490E+00 5.863609E+00
2.598340E+00 5.894576E+00
2.624450E+00 5.925643E+00
2.650830E+00 5.956867E+00
2.677470E+00 5.988056E+00
2.704380E+00 6.019398E+00
2.731560E+00 6.050859E+00
2.759010E+00 6.082256E+00
2.786740E+00 6.113854E+00
2.814750E+00 6.145541E+00
2.843030E+00 6.177186E+00
2.871610E+00 6.209002E+00
2.900470E+00 6.240849E+00
2.929620E+00 6.272852E+00
2.959060E+00 6.304794E+00
2.988800E+00 6.336964E+00
3.018840E+00 6.369138E+00
3.049180E+00 6.401438E+00
3.079820E+00 6.433720E+00
3.110780E+00 6.466280E+00
3.142040E+00 6.498701E+00
3.173620E+00 6.531280E+00
3.205510E+00 6.563976E+00
3.237730E+00 6.596787E+00
3.270270E+00 6.629561E+00
3.303140E+00 6.662413E+00
3.336330E+00 6.695413E+00
3.369860E+00 6.728428E+00
3.403730E+00 6.761490E+00
3.437940E+00 6.794755E+00
3.472490E+00 6.828030E+00
3.507390E+00 6.861430E+00
3.542640E+00 6.894872E+00
3.578250E+00 6.928340E+00
3.614210E+00 6.961928E+00
3.650530E+00 6.995627E+00
3.687220E+00 7.029417E+00
3.724280E+00 7.063211E+00
3.761710E+00 7.097076E+00
3.799510E+00 7.131028E+00
3.837700E+00 7.165079E+00
3.876270E+00 7.199182E+00
3.915220E+00 7.233316E+00
3.954570E+00 7.267611E+00
3.994310E+00 7.301921E+00
4.034460E+00 7.336385E+00
4.075010E+00 7.370908E+00
4.115960E+00 7.405464E+00
4.157330E+00 7.440135E+00
4.199110E+00 7.474857E+00
4.241310E+00 7.509636E+00
4.283930E+00 7.544478E+00
4.326990E+00 7.579454E+00
4.370480E+00 7.614477E+00
4.414400E+00 7.649514E+00
4.458760E+00 7.684660E+00
4.503580E+00 7.719952E+00
4.548840E+00 7.755256E+00
4.594560E+00 7.790667E+00
4.640730E+00 7.826099E+00
4.687370E+00 7.861665E+00
4.734480E+00 7.897271E+00
4.782060E+00 7.932941E+00
4.830130E+00 7.968756E+00
4.878670E+00 8.004560E+00
4.927700E+00 8.040456E+00
4.977220E+00 8.076387E+00
5.027250E+00 8.112478E+00
5.077770E+00 8.148571E+00
5.128800E+00 8.184759E+00
5.180350E+00 8.221041E+00
5.232410E+00 8.257347E+00
5.285000E+00 8.293826E+00
5.338110E+00 8.330283E+00
5.391760E+00 8.366831E+00
5.445950E+00 8.403458E+00
5.500680E+00 8.440151E+00
5.555960E+00 8.476892E+00
5.611800E+00 8.513725E+00
5.668210E+00 8.550695E+00
5.725170E+00 8.587665E+00
5.782710E+00 8.624723E+00
5.840830E+00 8.661849E+00
5.899530E+00 8.699060E+00
5.958820E+00 8.736314E+00
6.018700E+00 8.773629E+00
6.079190E+00 8.811054E+00
6.140290E+00 8.848519E+00
6.202010E+00 8.886094E+00
6.264330E+00 8.923681E+00
6.327290E+00 8.961389E+00
6.390880E+00 8.999125E+00
6.455110E+00 9.036957E+00
6.519980E+00 9.074852E+00
6.585510E+00 9.112831E+00
6.651700E+00 9.150905E+00
6.718550E+00 9.189033E+00
6.786070E+00 9.227226E+00
6.854270E+00 9.265438E+00
6.923160E+00 9.303726E+00
6.992740E+00 9.342155E+00
7.063010E+00 9.380561E+00
7.134000E+00 9.419105E+00
7.205700E+00 9.457676E+00
7.278120E+00 9.496393E+00
7.351260E+00 9.535134E+00
7.425140E+00 9.573874E+00
7.499770E+00 9.612792E+00
7.575140E+00 9.651703E+00
7.651280E+00 9.690687E+00
7.728170E+00 9.729780E+00
7.805840E+00 9.768916E+00
7.884290E+00 9.808085E+00
7.963530E+00 9.847330E+00
8.043560E+00 9.886719E+00
8.124400E+00 9.926109E+00
8.206060E+00 9.965614E+00
8.288530E+00 1.000517E+01
8.371820E+00 1.004474E+01
8.455970E+00 1.008441E+01
8.540950E+00 1.012418E+01
8.626790E+00 1.016401E+01
8.713480E+00 1.020383E+01
8.801060E+00 1.024380E+01
8.889510E+00 1.028381E+01
8.978860E+00 1.032388E+01
9.069090E+00 1.036398E+01
9.160240E+00 1.040426E+01
9.252300E+00 1.044446E+01
9.345290E+00 1.048483E+01
9.439210E+00 1.052523E+01
9.534070E+00 1.056567E+01
9.629890E+00 1.060620E+01
9.726680E+00 1.064683E+01
9.824440E+00 1.068751E+01
9.923170E+00 1.072819E+01
1.002290E+01 1.076896E+01
1.012360E+01 1.080965E+01
1.022540E+01 1.085087E+01
1.032810E+01 1.089161E+01
1.043190E+01 1.093265E+01
1.053680E+01 1.097391E+01
1.064270E+01 1.101507E+01
1.074960E+01 1.105607E+01
1.085770E+01 1.109765E+01
1.096680E+01 1.113894E+01
1.107700E+01 1.118026E+01
1.118830E+01 1.122170E+01
1.130080E+01 1.126342E+01
1.141440E+01 1.130525E+01
1.152910E+01 1.134680E+01
1.164490E+01 1.138830E+01
1.176200E+01 1.143028E+01
1.188020E+01 1.147221E+01
1.199960E+01 1.151402E+01
1.212020E+01 1.155617E+01
1.224200E+01 1.159817E+01
1.236500E+01 1.164011E+01
1.248930E+01 1.168245E+01
1.261480E+01 1.172448E+01
1.274160E+01 1.176688E+01
1.286970E+01 1.180952E+01
1.299900E+01 1.185170E+01
1.312960E+01 1.189408E+01
1.326160E+01 1.193688E+01
1.339490E+01 1.197938E+01
1.352950E+01 1.202203E+01
1.366550E+01 1.206482E+01
1.380280E+01 1.210750E+01
1.394150E+01 1.215024E+01
1.408160E+01 1.219310E+01
1.422320E+01 1.223633E+01
1.436610E+01 1.227923E+01
1.451050E+01 1.232236E+01
1.465630E+01 1.236540E+01
1.480360E+01 1.240857E+01
1.495240E+01 1.245195E+01
1.510270E+01 1.249534E+01
1.525450E+01 1.253876E+01
1.540780E+01 1.258217E+01
1.556260E+01 1.262552E+01
1.571900E+01 1.266905E+01
1.587700E+01 1.271269E+01
1.603660E+01 1.275647E+01
1.619780E+01 1.280028E+01
1.636050E+01 1.284383E+01
1.652500E+01 1.288790E+01
1.669100E+01 1.293154E+01
1.685880E+01 1.297564E+01
1.702820E+01 1.301959E+01
1.719940E+01 1.306383E+01
1.737220E+01 1.310780E+01
1.754680E+01 1.315197E+01
1.772320E+01 1.319640E+01
1.790130E+01 1.324061E+01
1.808120E+01 1.328494E+01
1.826290E+01 1.332929E+01
1.844640E+01 1.337364E+01
1.863180E+01 1.341818E+01
1.881910E+01 1.346287E+01
1.900820E+01 1.350738E+01
1.919930E+01 1.355229E+01
1.939220E+01 1.359689E+01
1.958710E+01 1.364167E+01
1.978400E+01 1.368663E+01
1.998280E+01 1.373150E+01
2.018360E+01 1.377632E+01
2.038650E+01 1.382147E+01
2.059140E+01 1.386656E+01
2.079830E+01 1.391156E+01
2.100730E+01 1.395669E+01
2.121850E+01 1.400205E+01
2.143170E+01 1.404724E+01
2.164710E+01 1.409256E+01
2.186470E+01 1.413805E+01
2.208440E+01 1.418336E+01
2.230640E+01 1.422898E+01
2.253060E+01 1.427455E+01
2.275700E+01 1.432005E+01
2.298570E+01 1.436568E+01
2.321670E+01 1.441133E+01
2.345000E+01 1.445697E+01
2.368570E+01 1.450287E+01
2.392380E+01 1.454883E+01
2.416420E+01 1.459454E+01
2.440710E+01 1.464062E+01
2.465230E+01 1.468644E+01
2.490010E+01 1.473257E+01
2.515040E+01 1.477870E+01
2.540310E+01 1.482472E+01
2.565840E+01 1.487094E+01
2.591630E+01 1.491718E+01
2.617680E+01 1.496357E+01
2.643990E+01 1.500992E+01
2.670560E+01 1.505615E+01
2.697400E+01 1.510270E+01
2.724510E+01 1.514907E+01
2.751890E+01 1.519559E+01
2.779550E+01 1.524215E+01
2.807480E+01 1.528879E+01
2.835700E+01 1.533546E+01
2.864190E+01 1.538199E+01
2.892980E+01 1.542878E+01
2.922050E+01 1.547553E+01
2.951420E+01 1.552239E+01
2.981080E+01 1.556917E+01
3.011050E+01 1.561627E+01
3.041310E+01 1.566326E+01
3.071870E+01 1.571007E+01
3.102740E+01 1.575718E+01
3.133930E+01 1.580433E+01
3.165420E+01 1.585140E+01
3.197240E+01 1.589867E+01
3.229370E+01 1.594586E+01
3.261830E+01 1.599304E+01
3.294610E+01 1.604046E+01
3.327720E+01 1.608779E+01
3.361160E+01 1.613500E+01
3.394940E+01 1.618240E+01
3.429060E+01 1.622979E+01
3.463530E+01 1.627748E+01
3.498330E+01 1.632487E+01
3.533490E+01 1.637247E+01
3.569010E+01 1.642022E+01
3.604870E+01 1.646770E+01
3.641100E+01 1.651539E+01
3.677700E+01 1.656323E+01
3.714660E+01 1.661095E+01
3.751990E+01 1.665868E+01
3.789700E+01 1.670651E+01
3.827790E+01 1.675435E+01
3.866260E+01 1.680211E+01
3.905110E+01 1.684994E+01
3.944360E+01 1.689809E+01
3.984000E+01 1.694606E+01
4.024040E+01 1.699390E+01
4.064480E+01 1.704200E+01
4.105330E+01 1.709017E+01
4.146590E+01 1.713828E+01
4.188270E+01 1.718637E+01
4.230360E+01 1.723470E+01
4.272870E+01 1.728275E+01
4.315820E+01 1.733097E+01
4.359190E+01 1.737919E+01
4.403010E+01 1.742743E+01
4.447250E+01 1.747567E+01
4.491950E+01 1.752408E+01
4.537100E+01 1.757232E+01
4.582700E+01 1.762086E+01
4.628750E+01 1.766920E+01
4.675270E+01 1.771745E+01
4.722260E+01 1.776610E+01
4.769720E+01 1.781461E+01
4.817650E+01 1.786286E+01
4.866070E+01 1.791138E+01
4.914980E+01 1.795994E+01
4.964380E+01 1.800851E+01
5.014260E+01 1.805689E+01
5.064660E+01 1.810553E+01
5.115560E+01 1.815407E+01
5.166980E+01 1.820276E+01
5.218900E+01 1.825127E+01
5.271350E+01 1.829983E+01
5.324330E+01 1.834849E+01
5.377840E+01 1.839711E+01
5.431890E+01 1.844583E+01
5.486480E+01 1.849443E+01
5.541620E+01 1.854306E+01
5.597320E+01 1.859181E+01
5.653570E+01 1.864041E+01
5.710390E+01 1.868912E+01
5.767780E+01 1.873780E+01
5.825750E+01 1.878650E+01
5.884300E+01 1.883519E+01
5.943430E+01 1.888378E+01
6.003170E+01 1.893254E+01
6.063500E+01 1.898120E+01
6.124440E+01 1.902983E+01
6.185990E+01 1.907857E+01
6.248160E+01 1.912722E+01
6.310960E+01 1.917588E+01
6.374380E+01 1.922445E+01
6.438440E+01 1.927309E+01
6.503150E+01 1.932180E+01
6.568510E+01 1.937041E+01
6.634530E+01 1.941905E+01
6.701200E+01 1.946764E+01
6.768550E+01 1.951617E+01
6.836580E+01 1.956474E+01
6.905290E+01 1.961328E+01
6.974680E+01 1.966181E+01
7.044780E+01 1.971028E+01
7.115580E+01 1.975875E+01
7.187100E+01 1.980726E+01
7.259330E+01 1.985563E+01
7.332280E+01 1.990396E+01
7.405980E+01 1.995240E+01
7.480410E+01 2.000072E+01
7.555590E+01 2.004902E+01
7.631520E+01 2.009731E+01
7.708220E+01 2.014547E+01
7.785690E+01 2.019368E+01
7.863940E+01 2.024182E+01
7.942970E+01 2.028995E+01
8.022800E+01 2.033794E+01
8.103430E+01 2.038595E+01
8.184870E+01 2.043384E+01
8.267120E+01 2.048177E+01
8.350210E+01 2.052965E+01
8.434140E+01 2.057743E+01
8.518900E+01 2.062518E+01
8.604510E+01 2.067280E+01
8.690990E+01 2.072040E+01
8.778340E+01 2.076804E+01
8.866560E+01 2.081539E+01
8.955670E+01 2.086294E+01
9.045680E+01 2.091029E+01
9.136590E+01 2.095750E+01
9.228410E+01 2.100454E+01
9.321160E+01 2.105164E+01
9.414850E+01 2.109879E+01
9.509470E+01 2.114577E+01
9.605020E+01 2.119247E+01
9.701560E+01 2.123930E+01
9.799060E+01 2.128585E+01
9.897550E+01 2.133257E+01
9.997020E+01 2.137890E+01
1.009750E+02 2.142544E+01
1.019900E+02 2.147177E+01
1.030150E+02 2.151793E+01
1.040500E+02 2.156373E+01
1.050960E+02 2.160983E+01
1.061520E+02 2.165539E+01
1.072190E+02 2.170125E+01
1.082960E+02 2.174638E+01
1.093850E+02 2.179218E+01
1.104840E+02 2.183725E+01
1.115950E+02 2.188273E+01
1.127160E+02 2.192745E+01
1.138490E+02 2.197253E+01
1.149930E+02 2.201694E+01
1.161490E+02 2.206185E+01
1.173160E+02 2.210578E+01
1.184950E+02 2.215014E+01
1.196860E+02 2.219417E+01
1.208890E+02 2.223805E+01
1.221040E+02 2.228199E+01
1.233310E+02 2.232542E+01
1.245700E+02 2.236855E+01
1.258220E+02 2.241173E+01
1.270870E+02 2.245489E+01
1.283640E+02 2.249753E+01
1.296540E+02 2.253996E+01
1.309580E+02 2.258308E+01
1.322740E+02 2.262513E+01
1.336030E+02 2.266699E+01
1.349460E+02 2.270893E+01
1.363020E+02 2.275015E+01
1.376720E+02 2.279151E+01
1.390550E+02 2.283224E+01
1.404530E+02 2.287317E+01
1.418650E+02 2.291384E+01
1.432900E+02 2.295382E+01
1.447300E+02 2.299390E+01
1.461850E+02 2.303389E+01
1.476540E+02 2.307338E+01
1.491380E+02 2.311243E+01
1.506370E+02 2.315163E+01
1.521510E+02 2.319000E+01
1.536800E+02 2.322856E+01
1.552250E+02 2.326688E+01
1.567850E+02 2.330456E+01
1.583600E+02 2.334139E+01
1.599520E+02 2.337874E+01
1.615590E+02 2.341522E+01
1.631830E+02 2.345219E+01
1.648230E+02 2.348804E+01
1.664800E+02 2.352408E+01
1.681530E+02 2.355935E+01
1.698430E+02 2.359441E+01
1.715490E+02 2.362869E+01
1.732740E+02 2.366346E+01
1.750150E+02 2.369708E+01
1.767740E+02 2.373064E+01
1.785510E+02 2.376396E+01
1.803450E+02 2.379639E+01
1.821580E+02 2.382890E+01
1.839880E+02 2.386038E+01
1.858370E+02 2.389196E+01
1.877050E+02 2.392306E+01
1.895920E+02 2.395388E+01
1.914970E+02 2.398377E+01
1.934220E+02 2.401355E+01
1.953660E+02 2.404273E+01
1.973290E+02 2.407121E+01
1.993120E+02 2.409928E+01
2.013150E+02 2.412693E+01
2.033380E+02 2.415419E+01
2.053820E+02 2.418100E+01
2.074460E+02 2.420711E+01
2.095310E+02 2.423283E+01
2.116370E+02 2.425799E+01
2.137640E+02 2.428248E+01
2.159120E+02 2.430629E+01
2.180820E+02 2.432976E+01
2.202740E+02 2.435287E+01
2.224880E+02 2.437522E+01
2.247240E+02 2.439686E+01
2.269820E+02 2.441767E+01
2.292640E+02 2.443843E+01
2.315680E+02 2.445826E+01
2.338950E+02 2.447731E+01
2.362460E+02 2.449604E+01
2.386200E+02 2.451397E+01
2.410180E+02 2.453112E+01
2.434400E+02 2.454762E+01
2.458870E+02 2.456377E+01
2.483580E+02 2.457888E+01
2.508540E+02 2.459344E+01
2.533760E+02 2.460763E+01
2.559220E+02 2.462057E+01
2.584940E+02 2.463302E+01
2.610920E+02 2.464485E+01
2.637160E+02 2.465581E+01
2.663660E+02 2.466589E+01
2.690430E+02 2.467544E+01
2.717470E+02 2.468416E+01
2.744780E+02 2.469203E+01
2.772370E+02 2.469937E+01
2.800230E+02 2.470565E+01
2.828370E+02 2.471132E+01
2.856800E+02 2.471626E+01
2.885510E+02 2.472021E+01
2.914510E+02 2.472344E+01
2.943800E+02 2.472575E+01
2.973390E+02 2.472739E+01
3.003270E+02 2.472796E+01
3.033460E+02 2.472804E+01
3.063940E+02 2.472688E+01
3.094730E+02 2.472487E+01
3.125840E+02 2.472240E+01
3.157250E+02 2.471874E+01
3.188980E+02 2.471423E+01
3.221030E+02 2.470891E+01
3.253410E+02 2.470297E+01
3.286100E+02 2.469569E+01
3.319130E+02 2.468781E+01
3.352480E+02 2.467881E+01
3.386180E+02 2.466921E+01
3.420210E+02 2.465846E+01
3.454580E+02 2.464691E+01
3.489300E+02 2.463445E+01
3.524370E+02 2.462111E+01
3.559790E+02 2.460672E+01
3.595570E+02 2.459155E+01
3.631700E+02 2.457561E+01
3.668200E+02 2.455853E+01
3.705070E+02 2.454079E+01
3.742310E+02 2.452192E+01
3.779920E+02 2.450217E+01
3.817910E+02 2.448157E+01
3.856280E+02 2.446010E+01
3.895040E+02 2.443777E+01
3.934170E+02 2.441434E+01
3.973710E+02 2.438998E+01
4.013650E+02 2.436496E+01
4.053990E+02 2.433928E+01
4.094740E+02 2.431257E+01
4.135890E+02 2.428486E+01
4.177460E+02 2.425629E+01
4.219440E+02 2.422688E+01
4.261850E+02 2.419676E+01
4.304670E+02 2.416543E+01
4.347940E+02 2.413372E+01
4.391640E+02 2.410113E+01
4.435770E+02 2.406761E+01
4.480350E+02 2.403318E+01
4.525380E+02 2.399810E+01
4.570870E+02 2.396250E+01
4.616800E+02 2.392554E+01
4.663200E+02 2.388847E+01
4.710060E+02 2.385026E+01
4.757400E+02 2.381157E+01
4.805220E+02 2.377231E+01
4.853510E+02 2.373216E+01
4.902290E+02 2.369139E+01
4.951560E+02 2.365029E+01
5.001320E+02 2.360790E+01
5.051580E+02 2.356553E+01
5.102350E+02 2.352236E+01
5.153630E+02 2.347869E+01
5.205430E+02 2.343406E+01
5.257740E+02 2.338932E+01
5.310590E+02 2.334410E+01
5.363960E+02 2.329823E+01
5.417870E+02 2.325192E+01
5.472320E+02 2.320516E+01
5.527310E+02 2.315807E+01
5.582860E+02 2.311051E+01
5.638970E+02 2.306260E+01
5.695650E+02 2.301443E+01
5.752890E+02 2.296577E+01
5.810710E+02 2.291691E+01
5.869110E+02 2.286769E+01
5.928100E+02 2.281829E+01
5.987660E+02 2.276849E+01
6.047840E+02 2.271862E+01
6.108620E+02 2.266852E+01
6.170020E+02 2.261834E+01
6.232030E+02 2.256787E+01
6.294660E+02 2.251732E+01
6.357930E+02 2.246674E+01
6.421830E+02 2.241598E+01
6.486360E+02 2.236522E+01
6.551550E+02 2.231435E+01
6.617390E+02 2.226341E+01
6.683900E+02 2.221261E+01
6.751080E+02 2.216176E+01
6.818930E+02 2.211094E+01
6.887460E+02 2.206015E+01
6.956680E+02 2.200936E+01
7.026600E+02 2.195877E+01
7.097210E+02 2.190827E+01
7.168540E+02 2.185780E+01
7.240580E+02 2.180746E+01
7.313350E+02 2.175721E+01
7.386860E+02 2.170723E+01
7.461100E+02 2.165736E+01
7.536080E+02 2.160759E+01
7.611820E+02 2.155800E+01
7.688310E+02 2.150860E+01
7.765580E+02 2.145949E+01
7.843630E+02 2.141047E+01
7.922460E+02 2.136168E+01
8.002080E+02 2.131301E+01
8.082510E+02 2.126470E+01
8.163740E+02 2.121642E+01
8.245790E+02 2.116849E+01
8.328650E+02 2.112078E+01
8.412350E+02 2.107315E+01
8.496900E+02 2.102588E+01
8.582300E+02 2.097870E+01
8.668550E+02 2.093168E+01
8.755680E+02 2.088508E+01
8.843670E+02 2.083851E+01
8.932560E+02 2.079216E+01
9.022330E+02 2.074602E+01
9.112990E+02 2.070012E+01
9.204580E+02 2.065432E+01
9.297090E+02 2.060884E+01
9.390530E+02 2.056353E+01
9.484910E+02 2.051834E+01
9.580240E+02 2.047325E+01
9.676520E+02 2.042840E+01
9.773780E+02 2.038376E+01
9.871990E+02 2.033939E+01
9.971210E+02 2.029501E+01
1.007140E+03 2.025074E+01
1.017260E+03 2.020657E+01
1.027490E+03 2.016317E+01
1.037810E+03 2.011910E+01
1.048250E+03 2.007631E+01
1.058780E+03 2.003263E+01
1.069420E+03 1.998953E+01
1.080170E+03 1.994675E+01
1.091020E+03 1.990350E+01
1.101990E+03 1.986133E+01
1.113060E+03 1.981853E+01
1.124250E+03 1.977642E+01
1.135550E+03 1.973460E+01
1.146960E+03 1.969256E+01
1.158490E+03 1.965107E+01
1.170130E+03 1.960974E+01
1.181890E+03 1.956850E+01
1.193770E+03 1.952782E+01
1.205770E+03 1.948713E+01
1.217890E+03 1.944693E+01
1.230130E+03 1.940660E+01
1.242490E+03 1.936644E+01
1.254980E+03 1.932687E+01
1.267590E+03 1.928758E+01
1.280330E+03 1.924849E+01
1.293200E+03 1.920962E+01
1.306190E+03 1.917067E+01
1.319320E+03 1.913257E+01
1.332580E+03 1.909450E+01
1.345970E+03 1.905647E+01
1.359500E+03 1.901933E+01
1.373160E+03 1.898197E+01
1.386960E+03 1.894494E+01
1.400900E+03 1.890852E+01
1.414980E+03 1.887209E+01
1.429200E+03 1.883593E+01
1.443570E+03 1.880054E+01
1.458080E+03 1.876504E+01
1.472730E+03 1.872941E+01
1.487530E+03 1.869441E+01
1.502480E+03 1.865968E+01
1.517580E+03 1.862513E+01
1.532830E+03 1.859070E+01
1.548240E+03 1.855679E+01
1.563800E+03 1.852318E+01
1.579510E+03 1.848912E+01
1.595390E+03 1.845604E+01
1.611420E+03 1.842276E+01
1.627620E+03 1.839024E+01
1.643970E+03 1.835725E+01
1.660500E+03 1.832520E+01
1.677180E+03 1.829271E+01
1.694040E+03 1.826096E+01
1.711070E+03 1.822954E+01
1.728260E+03 1.819786E+01
1.745630E+03 1.816672E+01
1.763170E+03 1.813579E+01
1.780900E+03 1.810560E+01
1.798790E+03 1.807487E+01
1.816870E+03 1.804487E+01
1.835130E+03 1.801504E+01
1.853580E+03 1.798573E+01
1.872210E+03 1.795651E+01
1.891020E+03 1.792723E+01
1.910030E+03 1.789870E+01
1.929220E+03 1.787013E+01
1.948610E+03 1.784196E+01
1.968190E+03 1.781386E+01
1.987980E+03 1.778652E+01
2.007960E+03 1.775908E+01
2.028140E+03 1.773192E+01
2.048520E+03 1.770489E+01
2.069110E+03 1.767832E+01
2.089900E+03 1.765184E+01
2.110900E+03 1.762552E+01
2.132120E+03 1.759982E+01
2.153550E+03 1.757419E+01
2.175190E+03 1.754863E+01
2.197050E+03 1.752342E+01
2.219140E+03 1.749871E+01
2.241440E+03 1.747399E+01
2.263960E+03 1.744947E+01
2.286720E+03 1.742548E+01
2.309700E+03 1.740144E+01
2.332910E+03 1.737766E+01
2.356360E+03 1.735438E+01
2.380040E+03 1.733116E+01
2.403960E+03 1.730828E+01
2.428120E+03 1.728566E+01
2.452520E+03 1.726322E+01
2.477170E+03 1.724130E+01
2.502070E+03 1.721954E+01
2.527210E+03 1.719781E+01
2.552610E+03 1.717645E+01
2.578270E+03 1.715560E+01
2.604180E+03 1.713467E+01
2.630350E+03 1.711408E+01
2.656790E+03 1.709382E+01
2.683480E+03 1.707363E+01
2.710450E+03 1.705380E+01
2.737700E+03 1.703434E+01
2.765210E+03 1.701489E+01
2.793000E+03 1.699576E+01
2.821070E+03 1.697695E+01
2.849430E+03 1.695850E+01
2.878060E+03 1.694005E+01
2.906980E+03 1.692196E+01
2.936200E+03 1.690422E+01
2.965710E+03 1.688660E+01
2.995520E+03 1.686941E+01
3.025620E+03 1.685218E+01
3.056030E+03 1.683546E+01
3.086750E+03 1.681907E+01
3.117770E+03 1.680264E+01
3.149100E+03 1.678661E+01
3.180750E+03 1.677088E+01
3.212720E+03 1.675538E+01
3.245000E+03 1.673986E+01
3.277620E+03 1.672501E+01
3.310560E+03 1.671004E+01
3.343830E+03 1.669555E+01
3.377440E+03 1.668119E+01
3.411380E+03 1.666713E+01
3.445660E+03 1.665317E+01
3.480290E+03 1.663971E+01
3.515270E+03 1.662631E+01
3.550600E+03 1.661337E+01
3.586290E+03 1.660059E+01
3.622330E+03 1.658802E+01
3.658740E+03 1.657570E+01
3.695510E+03 1.656368E+01
3.732640E+03 1.655180E+01
3.770160E+03 1.654024E+01
3.808050E+03 1.652887E+01
3.846320E+03 1.651768E+01
3.884980E+03 1.650685E+01
3.924020E+03 1.649624E+01
3.963460E+03 1.648576E+01
4.003290E+03 1.647568E+01
4.043530E+03 1.646589E+01
4.084160E+03 1.645606E+01
4.125210E+03 1.644689E+01
4.166670E+03 1.643774E+01
4.208540E+03 1.642859E+01
4.250840E+03 1.641996E+01
4.293560E+03 1.641141E+01
4.336720E+03 1.640348E+01
4.380300E+03 1.639530E+01
4.424320E+03 1.638765E+01
4.468780E+03 1.638021E+01
4.513700E+03 1.637295E+01
4.559060E+03 1.636578E+01
4.604880E+03 1.635920E+01
4.651160E+03 1.635257E+01
4.697910E+03 1.634623E+01
4.745120E+03 1.634025E+01
4.792810E+03 1.633452E+01
4.840980E+03 1.632893E+01
4.889630E+03 1.632337E+01
4.938770E+03 1.631831E+01
4.988410E+03 1.631344E+01
5.038540E+03 1.630869E+01
5.089180E+03 1.630423E+01
5.140330E+03 1.630005E+01
5.191990E+03 1.629600E+01
5.244170E+03 1.629235E+01
5.296870E+03 1.628875E+01
5.350110E+03 1.628548E+01
5.403880E+03 1.628242E+01
5.458190E+03 1.627951E+01
5.513050E+03 1.627694E+01
5.568450E+03 1.627442E+01
5.624420E+03 1.627225E+01
5.680940E+03 1.627033E+01
5.738030E+03 1.626851E+01
5.795700E+03 1.626700E+01
5.853950E+03 1.626565E+01
5.912790E+03 1.626462E+01
5.972210E+03 1.626370E+01
6.032230E+03 1.626299E+01
6.092860E+03 1.626260E+01
6.154080E+03 1.626231E+01
6.215940E+03 1.626236E+01
6.278410E+03 1.626251E+01
6.341510E+03 1.626292E+01
6.405240E+03 1.626345E+01
6.469620E+03 1.626430E+01
6.534640E+03 1.626533E+01
6.600320E+03 1.626659E+01
6.666650E+03 1.626797E+01
6.733640E+03 1.626957E+01
6.801320E+03 1.627147E+01
6.869670E+03 1.627347E+01
6.938720E+03 1.627575E+01
7.008450E+03 1.627811E+01
7.078890E+03 1.628078E+01
7.150040E+03 1.628367E+01
7.221900E+03 1.628672E+01
7.294470E+03 1.628992E+01
7.367780E+03 1.629329E+01
7.441830E+03 1.629697E+01
7.516620E+03 1.630077E+01
7.592170E+03 1.630476E+01
7.668470E+03 1.630890E+01
7.745540E+03 1.631331E+01
7.823390E+03 1.631787E+01
7.902000E+03 1.632261E+01
7.981420E+03 1.632757E+01
8.061640E+03 1.633266E+01
8.142660E+03 1.633801E+01
8.224500E+03 1.634352E+01
8.307160E+03 1.634910E+01
8.390640E+03 1.635487E+01
8.474970E+03 1.636087E+01
8.560150E+03 1.636710E+01
8.646170E+03 1.637350E+01
8.733070E+03 1.638004E+01
8.820840E+03 1.638674E+01
8.909490E+03 1.639367E+01
8.999030E+03 1.640066E+01
9.089480E+03 1.640794E+01
9.180830E+03 1.641529E+01
9.273100E+03 1.642283E+01
9.366280E+03 1.643056E+01
9.460420E+03 1.643845E+01
9.555500E+03 1.644652E+01
9.651530E+03 1.645469E+01
9.748540E+03 1.646309E+01
9.846510E+03 1.647153E+01
9.945470E+03 1.648012E+01
1.004540E+04 1.648881E+01
